Name: Archontoulis_PokeMe             
Serial #:  2543 
Datum: WGS 84
Soil Compation In KPa
Longitude,Latitude,Number,0.0 cm,2.5 cm,5.0 cm,7.5 cm,10.0 cm,12.5 cm,15.0 cm,17.5 cm,20.0 cm,22.5 cm,25.0 cm,27.5 cm,30.0 cm,32.5 cm,35.0 cm,37.5 cm,40.0 cm,42.5 cm,45.0 cm,Cone Size
,,Logger Started
,,Logger Started
,,N= 1 , 34 , 34 , 1208 , 1449 , 1138 , 1104 , 1760 , 0 , 0 , 0 , 0 , 0 , 0 , 0 , 0 , 0 , 0 , 0 , 0 ,1/2 Inch
,,Logger Started
,,Logger Started
,,Logger Started
,,Logger Started
,,Logger Started
,,Logger Started
,,Logger Started
,,Logger Started
,,Logger Started
,,Logger Started
,,Logger Started
,,N= 1 , 138 , 380 , 448 , 483 , 448 , 276 , 586 , 932 , 828 , 0 , 0 , 0 , 0 , 0 , 0 , 0 , 0 , 0 , 0 ,1/2 Inch
,,Logger Started
,,Logger Started
,,Logger Started
,,N= 1 , 310 , 414 , 1208 , 966 , 897 , 794 , 794 , 1000 , 1138 , 1173 , 1104 , 759 , 862 , 828 , 0 , 0 , 0 , 0 , 0 ,1/2 Inch
,,N= 2 , 138 , 242 , 1070 , 897 , 1070 , 932 , 1104 , 1208 , 1104 , 932 , 1000 , 1000 , 1000 , 1000 , 966 , 1000 , 1104 , 1070 , 828 ,1/2 Inch
,,N= 3 , 414 , 518 , 518 , 1000 , 1000 , 966 , 966 , 897 , 828 , 897 , 1000 , 1000 , 966 , 828 , 794 , 794 , 759 , 897 , 862 ,1/2 Inch
,,N= 4 , 34 , 104 , 552 , 656 , 897 , 1000 , 1173 , 1208 , 1173 , 1070 , 1070 , 1104 , 1138 , 1173 , 1104 , 966 , 897 , 862 , 966 ,1/2 Inch
,,N= 5 , 310 , 310 , 794 , 897 , 759 , 862 , 1173 , 1208 , 1242 , 966 , 1070 , 1070 , 1000 , 1000 , 897 , 828 , 828 , 759 , 759 ,1/2 Inch
,,N= 6 , 724 , 794 , 794 , 828 , 862 , 1070 , 1173 , 1414 , 1346 , 1242 , 1104 , 1138 , 1000 , 1000 , 966 , 897 , 794 , 1000 , 1414 ,1/2 Inch
,,N= 7 , 380 , 518 , 794 , 1070 , 1104 , 1242 , 1208 , 1138 , 0 , 0 , 0 , 0 , 0 , 0 , 0 , 0 , 0 , 0 , 0 ,1/2 Inch
,,N= 8 , 69 , 483 , 828 , 828 , 828 , 932 , 1000 , 966 , 897 , 1000 , 966 , 897 , 1070 , 0 , 932 , 794 , 0 , 0 , 0 ,1/2 Inch
,,N= 9 , 34 , 276 , 448 , 586 , 759 , 932 , 1000 , 932 , 897 , 966 , 1070 , 1173 , 1173 , 1173 , 1070 , 1104 , 1104 , 1138 , 862 ,1/2 Inch
,,N= 10 , 483 , 724 , 794 , 794 , 586 , 552 , 586 , 759 , 1000 , 966 , 828 , 932 , 862 , 794 , 862 , 828 , 932 , 897 , 932 ,1/2 Inch
,,Logger Started
,,N= 1 , 69 , 242 , 759 , 656 , 828 , 966 , 966 , 966 , 862 , 828 , 862 , 897 , 794 , 794 , 0 , 0 , 0 , 0 , 0 ,1/2 Inch
,,N= 2 , 448 , 483 , 656 , 828 , 828 , 862 , 966 , 862 , 862 , 862 , 897 , 794 , 828 , 828 , 794 , 0 , 0 , 0 , 0 ,1/2 Inch
,,N= 3 , 310 , 586 , 586 , 621 , 621 , 656 , 724 , 621 , 862 , 794 , 724 , 828 , 966 , 862 , 862 , 897 , 897 , 1000 , 1104 ,1/2 Inch
,,N= 4 , 310 , 483 , 656 , 759 , 794 , 794 , 897 , 794 , 794 , 759 , 724 , 656 , 759 , 794 , 794 , 828 , 828 , 0 , 0 ,1/2 Inch
,,N= 5 , 276 , 380 , 621 , 794 , 862 , 897 , 932 , 932 , 1173 , 1208 , 1242 , 1173 , 1104 , 862 , 794 , 932 , 897 , 897 , 966 ,1/2 Inch
,,N= 6 , 69 , 69 , 483 , 621 , 586 , 621 , 828 , 897 , 862 , 794 , 759 , 794 , 794 , 759 , 759 , 794 , 828 , 794 , 724 ,1/2 Inch
,,N= 7 , 242 , 380 , 724 , 828 , 828 , 897 , 1000 , 1242 , 1208 , 1173 , 1173 , 1173 , 1138 , 1138 , 1173 , 1208 , 1242 , 1242 , 1311 ,1/2 Inch
,,N= 8 , 310 , 586 , 448 , 448 , 518 , 759 , 897 , 1173 , 1276 , 1276 , 1414 , 1276 , 1208 , 1138 , 1070 , 1000 , 966 , 1000 , 1138 ,1/2 Inch
,,N= 9 , 448 , 586 , 656 , 724 , 794 , 759 , 897 , 1000 , 966 , 932 , 897 , 897 , 897 , 897 , 862 , 862 , 828 , 862 , 1070 ,1/2 Inch
,,N= 10 , 276 , 656 , 656 , 828 , 966 , 1104 , 1138 , 1138 , 1070 , 966 , 1000 , 932 , 897 , 862 , 932 , 1000 , 1000 , 34 , 0 ,1/2 Inch
,,N= 11 , 69 , 310 , 1000 , 966 , 1000 , 966 , 897 , 897 , 897 , 897 , 828 , 828 , 828 , 897 , 932 , 759 , 724 , 242 , 0 ,1/2 Inch
,,Logger Started
,,N= 1 , 586 , 656 , 586 , 552 , 724 , 656 , 862 , 724 , 862 , 1000 , 1138 , 1208 , 1346 , 1414 , 1346 , 1276 , 1242 , 0 , 0 ,1/2 Inch
,,N= 2 , 34 , 207 , 310 , 310 , 310 , 414 , 518 , 552 , 552 , 862 , 897 , 862 , 1000 , 1242 , 1276 , 1311 , 1346 , 0 , 0 ,1/2 Inch
,,N= 3 , 138 , 759 , 724 , 724 , 724 , 586 , 483 , 656 , 897 , 1070 , 1208 , 1276 , 1276 , 1311 , 1449 , 1518 , 1518 , 0 , 0 ,1/2 Inch
,,N= 4 , 138 , 138 , 448 , 552 , 724 , 483 , 518 , 621 , 656 , 897 , 759 , 966 , 1000 , 862 , 862 , 862 , 794 , 724 , 0 ,1/2 Inch
,,N= 5 , 242 , 414 , 483 , 586 , 656 , 586 , 552 , 552 , 586 , 656 , 966 , 1000 , 966 , 932 , 932 , 897 , 0 , 0 , 0 ,1/2 Inch
,,N= 6 , 207 , 483 , 1070 , 621 , 656 , 552 , 518 , 586 , 518 , 656 , 862 , 1104 , 1104 , 1070 , 1000 , 966 , 1000 , 897 , 0 ,1/2 Inch
,,N= 7 , 138 , 172 , 483 , 621 , 656 , 621 , 586 , 518 , 724 , 828 , 966 , 1276 , 1276 , 1311 , 1276 , 1346 , 1311 , 1311 , 1346 ,1/2 Inch
,,N= 8 , 483 , 862 , 759 , 621 , 656 , 656 , 656 , 656 , 724 , 862 , 966 , 1104 , 1311 , 1276 , 1242 , 0 , 0 , 0 , 0 ,1/2 Inch
,,N= 9 , 138 , 138 , 448 , 621 , 656 , 621 , 586 , 552 , 552 , 621 , 897 , 1000 , 966 , 966 , 932 , 794 , 794 , 828 , 862 ,1/2 Inch
,,Logger Started
,,N= 1 , 310 , 483 , 483 , 621 , 552 , 932 , 862 , 828 , 794 , 724 , 759 , 621 , 621 , 552 , 586 , 656 , 828 , 0 , 0 ,1/2 Inch
,,N= 2 , 207 , 414 , 586 , 621 , 552 , 414 , 414 , 483 , 897 , 1070 , 1070 , 1104 , 1138 , 1104 , 1138 , 1104 , 1242 , 1276 , 1208 ,1/2 Inch
,,N= 3 , 138 , 207 , 483 , 586 , 621 , 656 , 483 , 621 , 656 , 759 , 828 , 759 , 966 , 932 , 1000 , 1000 , 1173 , 0 , 0 ,1/2 Inch
,,N= 4 , 207 , 621 , 724 , 621 , 586 , 656 , 1000 , 1104 , 1208 , 932 , 932 , 1000 , 0 , 0 , 0 , 0 , 0 , 0 , 0 ,1/2 Inch
,,N= 5 , 69 , 380 , 414 , 414 , 310 , 310 , 414 , 414 , 448 , 552 , 759 , 932 , 1104 , 1070 , 1070 , 966 , 1070 , 1104 , 1138 ,1/2 Inch
,,N= 6 , 172 , 483 , 552 , 518 , 483 , 483 , 380 , 380 , 932 , 966 , 1138 , 1208 , 1276 , 1070 , 794 , 932 , 932 , 897 , 0 ,1/2 Inch
,,N= 7 , 69 , 621 , 724 , 656 , 794 , 724 , 621 , 759 , 759 , 552 , 586 , 1276 , 1414 , 1346 , 1311 , 1311 , 1311 , 1414 , 1449 ,1/2 Inch
,,N= 8 , 483 , 656 , 552 , 518 , 586 , 552 , 483 , 414 , 483 , 621 , 586 , 586 , 828 , 897 , 0 , 0 , 0 , 0 , 0 ,1/2 Inch
,,N= 9 , 276 , 621 , 518 , 518 , 518 , 518 , 518 , 862 , 724 , 759 , 759 , 862 , 1000 , 1104 , 966 , 1000 , 1000 , 966 , 0 ,1/2 Inch
,,N= 10 , 207 , 276 , 621 , 552 , 483 , 483 , 518 , 448 , 518 , 966 , 862 , 897 , 0 , 0 , 0 , 0 , 0 , 0 , 0 ,1/2 Inch
,,N= 11 , 310 , 621 , 724 , 448 , 448 , 621 , 656 , 794 , 862 , 794 , 759 , 794 , 1173 , 1138 , 1138 , 1346 , 1552 , 1690 , 0 ,1/2 Inch
,,Logger Started
,,N= 1 , 276 , 414 , 759 , 1000 , 897 , 932 , 1138 , 1208 , 966 , 1000 , 1070 , 1070 , 1104 , 1173 , 1208 , 1414 , 1208 , 1138 , 1104 ,1/2 Inch
,,N= 2 , 276 , 518 , 828 , 932 , 862 , 897 , 1070 , 1104 , 966 , 932 , 966 , 897 , 932 , 862 , 897 , 828 , 897 , 897 , 0 ,1/2 Inch
,,N= 3 , 104 , 310 , 380 , 621 , 586 , 759 , 932 , 966 , 1208 , 1138 , 966 , 1070 , 1000 , 1000 , 1070 , 1070 , 1070 , 966 , 897 ,1/2 Inch
,,N= 4 , 69 , 69 , 242 , 828 , 724 , 724 , 828 , 966 , 966 , 1070 , 1000 , 1000 , 1104 , 1104 , 0 , 0 , 0 , 0 , 0 ,1/2 Inch
,,N= 5 , 621 , 586 , 724 , 862 , 966 , 966 , 862 , 897 , 897 , 828 , 966 , 897 , 828 , 897 , 862 , 897 , 1104 , 0 , 0 ,1/2 Inch
,,N= 6 , 207 , 518 , 586 , 759 , 966 , 1276 , 1138 , 1000 , 897 , 862 , 862 , 828 , 828 , 862 , 897 , 1104 , 1173 , 0 , 0 ,1/2 Inch
,,N= 7 , 448 , 759 , 724 , 862 , 828 , 966 , 1138 , 1070 , 966 , 1000 , 1070 , 1104 , 1208 , 1242 , 1242 , 1208 , 1138 , 0 , 0 ,1/2 Inch
,,N= 8 , 310 , 724 , 862 , 759 , 932 , 966 , 1000 , 932 , 828 , 828 , 794 , 724 , 794 , 828 , 0 , 0 , 0 , 0 , 0 ,1/2 Inch
,,N= 9 , 414 , 759 , 759 , 828 , 828 , 1000 , 1070 , 1104 , 966 , 932 , 897 , 897 , 794 , 794 , 794 , 932 , 1070 , 1104 , 0 ,1/2 Inch
,,N= 10 , 483 , 828 , 862 , 828 , 862 , 966 , 966 , 828 , 862 , 794 , 794 , 828 , 794 , 0 , 0 , 0 , 0 , 0 , 0 ,1/2 Inch
,,Logger Started
,,N= 1 , 69 , 276 , 828 , 794 , 656 , 656 , 862 , 1104 , 1138 , 1070 , 1000 , 1104 , 1070 , 1138 , 1138 , 1104 , 1173 , 1208 , 0 ,1/2 Inch
,,N= 2 , 414 , 586 , 552 , 586 , 759 , 1138 , 1208 , 1173 , 1000 , 1070 , 1070 , 1070 , 1173 , 1173 , 1173 , 1070 , 1104 , 1070 , 0 ,1/2 Inch
,,N= 3 , 104 , 172 , 552 , 621 , 621 , 621 , 621 , 552 , 966 , 897 , 932 , 966 , 897 , 828 , 794 , 759 , 794 , 828 , 0 ,1/2 Inch
,,N= 4 , 69 , 69 , 448 , 518 , 621 , 621 , 862 , 897 , 966 , 1070 , 1070 , 1070 , 966 , 1000 , 966 , 932 , 932 , 897 , 897 ,1/2 Inch
,,N= 5 , 34 , 552 , 828 , 862 , 1104 , 1208 , 1138 , 932 , 862 , 759 , 794 , 828 , 794 , 794 , 862 , 1000 , 966 , 966 , 1000 ,1/2 Inch
,,N= 6 , 104 , 104 , 448 , 448 , 724 , 759 , 862 , 1070 , 897 , 932 , 897 , 897 , 828 , 932 , 897 , 862 , 966 , 1000 , 1208 ,1/2 Inch
,,N= 7 , 69 , 586 , 828 , 828 , 828 , 828 , 1070 , 1070 , 1070 , 862 , 794 , 862 , 932 , 966 , 932 , 1000 , 1138 , 1104 , 966 ,1/2 Inch
,,N= 8 , 34 , 34 , 552 , 656 , 724 , 586 , 656 , 759 , 932 , 966 , 1000 , 1104 , 1138 , 1104 , 1138 , 1242 , 1208 , 1208 , 1449 ,1/2 Inch
,,N= 9 , 69 , 242 , 380 , 621 , 759 , 828 , 1070 , 1173 , 1000 , 1070 , 1104 , 1276 , 1311 , 1311 , 1276 , 1208 , 1242 , 1276 , 0 ,1/2 Inch
,,N= 10 , 69 , 207 , 414 , 448 , 794 , 966 , 1138 , 1173 , 1070 , 1000 , 1276 , 1276 , 1242 , 1242 , 1311 , 1414 , 1587 , 1552 , 1622 ,1/2 Inch
,,Logger Started
,,N= 1 , 69 , 448 , 448 , 518 , 552 , 518 , 518 , 552 , 656 , 656 , 794 , 794 , 794 , 897 , 1070 , 932 , 862 , 862 , 794 ,1/2 Inch
,,N= 2 , 69 , 621 , 621 , 621 , 586 , 552 , 552 , 518 , 483 , 621 , 724 , 794 , 828 , 794 , 794 , 794 , 862 , 759 , 862 ,1/2 Inch
,,N= 3 , 207 , 380 , 380 , 483 , 621 , 518 , 483 , 621 , 828 , 897 , 862 , 1138 , 1311 , 1518 , 1518 , 1414 , 1484 , 0 , 0 ,1/2 Inch
,,N= 4 , 276 , 586 , 483 , 518 , 518 , 621 , 621 , 794 , 897 , 932 , 897 , 966 , 1104 , 1070 , 1173 , 1311 , 1173 , 1070 , 0 ,1/2 Inch
,,N= 5 , 380 , 483 , 586 , 621 , 656 , 828 , 656 , 518 , 552 , 586 , 862 , 1138 , 1000 , 1000 , 1000 , 1104 , 966 , 1104 , 0 ,1/2 Inch
,,N= 6 , 242 , 414 , 483 , 483 , 518 , 483 , 552 , 552 , 518 , 621 , 759 , 621 , 828 , 828 , 1552 , 1690 , 1552 , 1414 , 1242 ,1/2 Inch
,,N= 7 , 207 , 724 , 932 , 656 , 656 , 724 , 621 , 483 , 483 , 518 , 897 , 1208 , 1173 , 1242 , 1208 , 1104 , 1242 , 1070 , 897 ,1/2 Inch
,,N= 8 , 34 , 380 , 483 , 518 , 586 , 621 , 621 , 586 , 656 , 724 , 794 , 828 , 862 , 932 , 862 , 897 , 932 , 1000 , 0 ,1/2 Inch
,,N= 9 , 448 , 448 , 448 , 448 , 448 , 518 , 483 , 656 , 794 , 932 , 966 , 1173 , 1104 , 1138 , 1173 , 1173 , 1208 , 69 , 0 ,1/2 Inch
,,N= 10 , 34 , 69 , 414 , 310 , 380 , 518 , 518 , 724 , 621 , 621 , 1070 , 1000 , 966 , 1104 , 1173 , 1173 , 1173 , 1208 , 69 ,1/2 Inch
,,Logger Started
,,N= 1 , 172 , 828 , 828 , 828 , 794 , 552 , 621 , 518 , 724 , 1104 , 1587 , 1760 , 1863 , 1863 , 1828 , 1690 , 1690 , 1760 , 0 ,1/2 Inch
,,N= 2 , 276 , 483 , 759 , 656 , 552 , 552 , 656 , 621 , 932 , 1173 , 1414 , 1276 , 1138 , 966 , 1000 , 1070 , 1070 , 0 , 0 ,1/2 Inch
,,N= 3 , 586 , 483 , 483 , 552 , 518 , 518 , 552 , 518 , 621 , 724 , 897 , 1000 , 1138 , 1173 , 1242 , 1173 , 1346 , 1346 , 0 ,1/2 Inch
,,N= 4 , 69 , 172 , 724 , 586 , 621 , 621 , 621 , 759 , 724 , 724 , 759 , 862 , 897 , 966 , 1173 , 1311 , 1449 , 1518 , 0 ,1/2 Inch
,,N= 5 , 242 , 310 , 380 , 380 , 448 , 448 , 448 , 448 , 414 , 483 , 448 , 897 , 932 , 1000 , 1000 , 1000 , 1000 , 1000 , 0 ,1/2 Inch
,,N= 6 , 69 , 518 , 759 , 656 , 724 , 552 , 483 , 656 , 862 , 966 , 1000 , 1070 , 1000 , 1000 , 897 , 897 , 897 , 897 , 0 ,1/2 Inch
,,N= 7 , 242 , 276 , 518 , 552 , 552 , 448 , 552 , 518 , 621 , 897 , 1104 , 1173 , 1208 , 1242 , 1346 , 1276 , 1276 , 0 , 0 ,1/2 Inch
,,N= 8 , 34 , 207 , 414 , 518 , 552 , 621 , 724 , 862 , 794 , 862 , 828 , 828 , 932 , 1070 , 1104 , 1138 , 1208 , 1208 , 0 ,1/2 Inch
,,N= 9 , 138 , 276 , 656 , 552 , 586 , 656 , 586 , 586 , 656 , 828 , 828 , 828 , 828 , 862 , 794 , 828 , 862 , 0 , 0 ,1/2 Inch
,,N= 10 , 34 , 483 , 380 , 586 , 552 , 552 , 414 , 380 , 656 , 966 , 966 , 1000 , 932 , 897 , 932 , 862 , 828 , 794 , 0 ,1/2 Inch
