Name: Archontoulis_PokeMe             
Serial #:  2543 
Datum: WGS 84
Soil Compation In KPa
Longitude,Latitude,Number,0.0 cm,2.5 cm,5.0 cm,7.5 cm,10.0 cm,12.5 cm,15.0 cm,17.5 cm,20.0 cm,22.5 cm,25.0 cm,27.5 cm,30.0 cm,32.5 cm,35.0 cm,37.5 cm,40.0 cm,42.5 cm,45.0 cm,Cone Size
,,Logger Started
,,Logger Started
,,N= 1 , 34 , 414 , 552 , 518 , 380 , 207 , 448 , 932 , 1138 , 1070 , 1173 , 1311 , 1208 , 1242 , 1208 , 1208 , 932 , 1070 , 1104 ,1/2 Inch
,,Logger Started
,,N= 1 , 242 , 518 , 724 , 862 , 966 , 862 , 932 , 1242 , 1311 , 1000 , 828 , 794 , 759 , 724 , 862 , 828 , 897 , 932 , 932 ,1/2 Inch
,,N= 2 , 483 , 621 , 759 , 759 , 1000 , 1000 , 1000 , 966 , 897 , 862 , 828 , 759 , 656 , 759 , 759 , 724 , 656 , 621 , 656 ,1/2 Inch
,,N= 3 , 172 , 207 , 483 , 586 , 552 , 724 , 828 , 828 , 759 , 794 , 794 , 724 , 586 , 552 , 483 , 518 , 448 , 518 , 586 ,1/2 Inch
,,N= 4 , 69 , 69 , 310 , 586 , 862 , 862 , 862 , 932 , 828 , 897 , 897 , 828 , 759 , 794 , 862 , 862 , 828 , 794 , 759 ,1/2 Inch
,,N= 5 , 104 , 138 , 172 , 759 , 897 , 862 , 862 , 1070 , 1104 , 1104 , 862 , 862 , 828 , 828 , 794 , 897 , 862 , 897 , 862 ,1/2 Inch
,,N= 6 , 448 , 552 , 1242 , 862 , 862 , 966 , 897 , 1138 , 1138 , 1138 , 1138 , 1138 , 1138 , 1276 , 1242 , 1311 , 1414 , 1414 , 0 ,1/2 Inch
,,N= 7 , 138 , 242 , 586 , 1000 , 932 , 897 , 1000 , 1000 , 966 , 1070 , 1173 , 1138 , 1070 , 1070 , 1138 , 1242 , 1760 , 0 , 0 ,1/2 Inch
,,N= 8 , 69 , 69 , 69 , 656 , 724 , 621 , 724 , 828 , 862 , 966 , 932 , 932 , 1070 , 966 , 897 , 932 , 932 , 794 , 0 ,1/2 Inch
,,N= 9 , 242 , 276 , 586 , 794 , 828 , 794 , 1104 , 1138 , 932 , 759 , 828 , 828 , 828 , 828 , 759 , 828 , 932 , 897 , 0 ,1/2 Inch
,,N= 10 , 34 , 448 , 518 , 759 , 794 , 656 , 794 , 794 , 828 , 828 , 862 , 897 , 1104 , 1000 , 862 , 862 , 897 , 897 , 448 ,1/2 Inch
,,Logger Started
,,N= 1 , 104 , 69 , 104 , 518 , 586 , 794 , 932 , 862 , 966 , 1000 , 897 , 897 , 1138 , 828 , 966 , 1000 , 1070 , 932 , 0 ,1/2 Inch
,,N= 2 , 34 , 34 , 138 , 242 , 310 , 276 , 380 , 276 , 276 , 552 , 828 , 1138 , 1104 , 1242 , 1104 , 1242 , 1173 , 1276 , 0 ,1/2 Inch
,,N= 3 , 34 , 69 , 138 , 138 , 242 , 518 , 483 , 483 , 448 , 414 , 552 , 862 , 897 , 932 , 1070 , 1138 , 1208 , 1242 , 1070 ,1/2 Inch
,,N= 4 , 69 , 69 , 656 , 862 , 966 , 862 , 828 , 828 , 656 , 1070 , 1173 , 1138 , 1104 , 932 , 897 , 1138 , 1242 , 1311 , 0 ,1/2 Inch
,,N= 5 , 69 , 69 , 310 , 414 , 518 , 483 , 310 , 310 , 310 , 380 , 448 , 932 , 794 , 621 , 586 , 656 , 724 , 932 , 1104 ,1/2 Inch
,,N= 6 , 207 , 276 , 207 , 414 , 448 , 448 , 380 , 448 , 862 , 828 , 1000 , 1070 , 1138 , 1104 , 1070 , 1104 , 1070 , 1070 , 0 ,1/2 Inch
,,N= 7 , 34 , 138 , 172 , 172 , 276 , 310 , 310 , 414 , 276 , 242 , 276 , 310 , 759 , 1000 , 932 , 1070 , 1138 , 1138 , 0 ,1/2 Inch
,,N= 8 , 172 , 242 , 656 , 932 , 862 , 897 , 862 , 724 , 862 , 828 , 897 , 828 , 932 , 932 , 932 , 966 , 966 , 932 , 34 ,1/2 Inch
,,N= 9 , 69 , 138 , 172 , 448 , 448 , 310 , 414 , 414 , 518 , 552 , 724 , 656 , 724 , 828 , 1000 , 862 , 862 , 966 , 0 ,1/2 Inch
,,N= 10 , 104 , 104 , 138 , 621 , 621 , 518 , 483 , 552 , 552 , 586 , 586 , 586 , 932 , 1000 , 1000 , 1104 , 1173 , 1208 , 0 ,1/2 Inch
