Name: Archontoulis_PokeMe             
Serial #:  2543 
Datum: WGS 84
Soil Compation In KPa
Longitude,Latitude,Number,0.0 cm,2.5 cm,5.0 cm,7.5 cm,10.0 cm,12.5 cm,15.0 cm,17.5 cm,20.0 cm,22.5 cm,25.0 cm,27.5 cm,30.0 cm,32.5 cm,35.0 cm,37.5 cm,40.0 cm,42.5 cm,45.0 cm,Cone Size
,,Logger Started
,,Logger Started
,,Logger Started
,,Logger Started
,,Logger Started
,,Logger Started
,,Logger Started
,,Logger Started
,,N= 1 , 69 , 69 , 586 , 1346 , 1484 , 1622 , 1587 , 1414 , 1242 , 1208 , 1173 , 1173 , 1173 , 1173 , 1138 , 1104 , 1173 , 1070 , 0 ,1/2 Inch
,,N= 2 , 138 , 518 , 1173 , 1966 , 1656 , 3933 , 3864 , 3381 , 2794 , 2174 , 1966 , 1794 , 1656 , 1587 , 1484 , 1414 , 1346 , 1346 , 0 ,1/2 Inch
,,N= 3 , 0 , 0 , 0 , 1656 , 2242 , 2484 , 2380 , 2277 , 2036 , 1622 , 1484 , 1484 , 1414 , 1346 , 1311 , 1276 , 1242 , 0 , 0 ,1/2 Inch
,,N= 4 , 0 , 69 , 207 , 828 , 2001 , 2346 , 2312 , 2346 , 2104 , 1898 , 1587 , 1414 , 1449 , 1414 , 1311 , 1449 , 1449 , 1449 , 0 ,1/2 Inch
,,N= 5 , 69 , 104 , 794 , 2242 , 4450 , 4934 , 3830 , 2794 , 2208 , 2242 , 1898 , 1898 , 1863 , 1794 , 1690 , 1656 , 1587 , 1622 , 0 ,1/2 Inch
,,N= 6 , 0 , 1690 , 1828 , 1863 , 2104 , 1622 , 1484 , 1414 , 1552 , 1760 , 1587 , 1311 , 1208 , 1173 , 1138 , 1104 , 0 , 0 , 0 ,1/2 Inch
,,N= 7 , 104 , 414 , 586 , 1208 , 1070 , 1173 , 1138 , 1346 , 1276 , 1104 , 1104 , 1208 , 1346 , 1311 , 1311 , 1346 , 4209 , 0 , 0 ,1/2 Inch
,,N= 8 , 0 , 104 , 172 , 242 , 1311 , 2036 , 3174 , 3381 , 34 , 3416 , 3864 , 3140 , 3312 , 2622 , 2656 , 2036 , 2277 , 2174 , 0 ,1/2 Inch
,,N= 9 , 207 , 207 , 1000 , 1690 , 2622 , 3140 , 2898 , 2588 , 2726 , 2864 , 2139 , 2036 , 1828 , 1898 , 1690 , 1656 , 1587 , 1587 , 0 ,1/2 Inch
,,N= 10 , 104 , 724 , 1622 , 1587 , 1587 , 0 , 0 , 0 , 0 , 0 , 0 , 0 , 0 , 0 , 0 , 0 , 0 , 0 , 0 ,1/2 Inch
,,N= 11 , 242 , 380 , 1449 , 1449 , 828 , 828 , 862 , 897 , 932 , 932 , 966 , 1070 , 1000 , 1070 , 1000 , 966 , 1242 , 0 , 0 ,1/2 Inch
,,N= 12 , 34 , 69 , 69 , 1138 , 2553 , 414 , 2450 , 3070 , 3381 , 2450 , 2656 , 0 , 0 , 0 , 0 , 0 , 0 , 0 , 0 ,1/2 Inch
,,N= 13 , 69 , 104 , 207 , 483 , 586 , 759 , 448 , 138 , 276 , 483 , 621 , 1484 , 3070 , 3312 , 2967 , 2829 , 2864 , 2967 , 0 ,1/2 Inch
,,N= 14 , 242 , 242 , 310 , 380 , 552 , 1138 , 1242 , 2139 , 2588 , 2588 , 2794 , 3174 , 2864 , 2864 , 2242 , 1966 , 1828 , 1690 , 0 ,1/2 Inch
,,N= 15 , 69 , 104 , 138 , 138 , 207 , 448 , 1173 , 1518 , 2208 , 2312 , 2312 , 2242 , 2656 , 2277 , 2622 , 2450 , 2174 , 2174 , 0 ,1/2 Inch
,,N= 16 , 483 , 552 , 966 , 1173 , 1794 , 2001 , 2036 , 1932 , 2104 , 1932 , 1863 , 1898 , 1794 , 1587 , 1552 , 1552 , 1656 , 1587 , 0 ,1/2 Inch
,,N= 17 , 0 , 34 , 69 , 586 , 724 , 932 , 1449 , 414 , 34 , 138 , 414 , 2174 , 2242 , 2450 , 2553 , 2553 , 2588 , 2380 , 0 ,1/2 Inch
,,N= 18 , 0 , 0 , 172 , 207 , 276 , 518 , 483 , 966 , 621 , 1104 , 2277 , 3588 , 3554 , 3484 , 3692 , 3692 , 3002 , 3381 , 0 ,1/2 Inch
,,N= 19 , 34 , 138 , 172 , 276 , 586 , 1173 , 1104 , 1518 , 2036 , 2656 , 2656 , 3036 , 2864 , 2726 , 2864 , 2932 , 2794 , 2829 , 0 ,1/2 Inch
,,N= 20 , 0 , 0 , 104 , 380 , 483 , 932 , 932 , 1794 , 1414 , 2001 , 2036 , 2036 , 2726 , 2864 , 4450 , 3346 , 3243 , 2484 , 0 ,1/2 Inch
,,N= 21 , 380 , 380 , 552 , 1104 , 1208 , 1346 , 3278 , 4209 , 3174 , 4312 , 4244 , 4140 , 3484 , 3002 , 2691 , 2829 , 0 , 0 , 0 ,1/2 Inch
,,Logger Started
,,Logger Started
,,N= 1 , 69 , 448 , 932 , 586 , 586 , 759 , 1346 , 1242 , 1276 , 1587 , 1587 , 1484 , 1311 , 1242 , 1242 , 1414 , 1690 , 1622 , 0 ,1/2 Inch
,,N= 2 , 0 , 0 , 138 , 1104 , 1518 , 1760 , 2518 , 2450 , 2484 , 2518 , 3208 , 2898 , 2518 , 2484 , 2450 , 2277 , 2036 , 1898 , 0 ,1/2 Inch
,,N= 3 , 0 , 207 , 1000 , 1138 , 1690 , 2518 , 3519 , 3346 , 2898 , 2450 , 2450 , 2312 , 2036 , 1966 , 1828 , 1863 , 1828 , 1898 , 0 ,1/2 Inch
,,N= 4 , 104 , 104 , 414 , 518 , 932 , 1346 , 1518 , 1449 , 1449 , 1484 , 2312 , 2484 , 2656 , 2518 , 2380 , 2242 , 2036 , 1760 , 0 ,1/2 Inch
,,N= 5 , 69 , 172 , 518 , 724 , 794 , 966 , 862 , 966 , 1104 , 1690 , 1794 , 1863 , 2139 , 1656 , 1794 , 1863 , 1622 , 1656 , 0 ,1/2 Inch
,,N= 6 , 104 , 380 , 552 , 828 , 1414 , 2104 , 2277 , 2277 , 2553 , 2932 , 2588 , 2622 , 2726 , 2829 , 2518 , 2864 , 2518 , 2277 , 0 ,1/2 Inch
,,N= 7 , 34 , 104 , 380 , 310 , 483 , 724 , 1070 , 1346 , 1690 , 3312 , 2829 , 3208 , 3278 , 3416 , 3036 , 3312 , 3208 , 2864 , 0 ,1/2 Inch
,,N= 8 , 34 , 69 , 172 , 276 , 794 , 1449 , 1622 , 1208 , 2001 , 2346 , 2967 , 3208 , 2553 , 2967 , 2588 , 2139 , 2104 , 1690 , 0 ,1/2 Inch
,,N= 9 , 104 , 104 , 1173 , 1414 , 1587 , 2104 , 2553 , 2036 , 1898 , 1690 , 2001 , 1966 , 1966 , 2242 , 2450 , 1932 , 2104 , 1898 , 0 ,1/2 Inch
,,N= 10 , 0 , 0 , 104 , 104 , 172 , 242 , 310 , 656 , 862 , 828 , 1552 , 2104 , 2346 , 2622 , 2656 , 2380 , 2967 , 3036 , 0 ,1/2 Inch
,,Logger Started
,,Logger Started
,,N= 1 , 242 , 1690 , 1587 , 1346 , 1346 , 1449 , 1346 , 1242 , 1173 , 1173 , 1414 , 1414 , 1414 , 1449 , 1346 , 1449 , 1414 , 1414 , 0 ,1/2 Inch
,,N= 2 , 2208 , 2208 , 4002 , 3864 , 3243 , 3070 , 2967 , 2622 , 2277 , 2001 , 2104 , 1966 , 1828 , 1828 , 1622 , 1552 , 1518 , 0 , 0 ,1/2 Inch
,,N= 3 , 0 , 0 , 34 , 138 , 276 , 1208 , 1552 , 1552 , 1449 , 0 , 0 , 0 , 0 , 0 , 0 , 0 , 1587 , 1518 , 0 ,1/2 Inch
,,N= 4 , 0 , 966 , 1000 , 1242 , 1173 , 1000 , 1690 , 1966 , 2174 , 1966 , 2001 , 1932 , 2001 , 2104 , 2001 , 1656 , 1828 , 1932 , 0 ,1/2 Inch
,,N= 5 , 69 , 104 , 138 , 276 , 1932 , 2139 , 1932 , 1932 , 1863 , 2174 , 2036 , 2277 , 2450 , 2450 , 2312 , 2139 , 2036 , 2104 , 0 ,1/2 Inch
,,N= 6 , 34 , 69 , 172 , 828 , 1242 , 1276 , 1966 , 1828 , 1966 , 2036 , 1932 , 1898 , 2242 , 2174 , 1932 , 1828 , 1794 , 1690 , 0 ,1/2 Inch
,,N= 7 , 242 , 552 , 621 , 1138 , 1656 , 2036 , 1794 , 2001 , 1518 , 1346 , 1311 , 1276 , 1414 , 1552 , 1518 , 1518 , 1414 , 0 , 0 ,1/2 Inch
,,N= 8 , 1173 , 1552 , 2553 , 2898 , 2518 , 2450 , 2242 , 2242 , 2312 , 2174 , 2001 , 2139 , 1863 , 1828 , 1690 , 1656 , 1760 , 1828 , 0 ,1/2 Inch
,,N= 9 , 621 , 759 , 1311 , 1760 , 2208 , 0 , 0 , 0 , 0 , 0 , 0 , 0 , 0 , 0 , 0 , 0 , 0 , 0 , 0 ,1/2 Inch
,,N= 10 , 104 , 483 , 586 , 1449 , 1828 , 2898 , 2829 , 2484 , 2656 , 2001 , 2380 , 1932 , 2036 , 1828 , 1932 , 0 , 0 , 0 , 0 ,1/2 Inch
,,N= 11 , 138 , 138 , 380 , 794 , 656 , 586 , 794 , 1070 , 966 , 966 , 1104 , 1104 , 1138 , 1276 , 1346 , 1276 , 1311 , 1311 , 0 ,1/2 Inch
,,Logger Started
,,Logger Started
,,Logger Started
,,Logger Started
,,Logger Started
,,Logger Started
,,Logger Started
,,N= 1 , 172 , 1276 , 1104 , 1104 , 1000 , 966 , 828 , 828 , 932 , 1000 , 932 , 932 , 794 , 897 , 759 , 862 , 1414 , 0 , 0 ,1/2 Inch
,,N= 2 , 69 , 69 , 724 , 1208 , 2588 , 2794 , 2691 , 2726 , 2277 , 1932 , 2174 , 1932 , 1760 , 1656 , 1552 , 1587 , 1449 , 1484 , 0 ,1/2 Inch
,,N= 3 , 138 , 172 , 310 , 1414 , 2622 , 2346 , 2829 , 2380 , 2450 , 2104 , 2104 , 1932 , 1690 , 2104 , 2139 , 2036 , 1966 , 1898 , 0 ,1/2 Inch
,,N= 4 , 69 , 759 , 1518 , 1518 , 1656 , 1863 , 1794 , 1863 , 1898 , 2104 , 1760 , 1622 , 1690 , 1587 , 1587 , 1518 , 1449 , 1311 , 0 ,1/2 Inch
,,N= 5 , 104 , 759 , 1276 , 1138 , 1242 , 1276 , 1173 , 1173 , 1414 , 1518 , 1622 , 1656 , 1622 , 1518 , 1449 , 1311 , 1242 , 1173 , 0 ,1/2 Inch
,,N= 6 , 138 , 138 , 2036 , 2242 , 2726 , 2622 , 2450 , 2691 , 2829 , 2794 , 2450 , 2174 , 1932 , 1828 , 1760 , 1622 , 1484 , 1587 , 0 ,1/2 Inch
,,N= 7 , 0 , 34 , 138 , 380 , 1414 , 2208 , 2174 , 1966 , 2139 , 2036 , 1518 , 1449 , 1208 , 1104 , 1000 , 897 , 966 , 1070 , 0 ,1/2 Inch
,,N= 8 , 0 , 69 , 586 , 828 , 1276 , 1656 , 1690 , 1656 , 1656 , 1242 , 1276 , 1346 , 0 , 0 , 0 , 0 , 0 , 0 , 0 ,1/2 Inch
,,N= 9 , 2104 , 2346 , 2656 , 2691 , 2484 , 2553 , 2380 , 2277 , 2277 , 2312 , 2139 , 0 , 0 , 0 , 0 , 0 , 0 , 0 , 0 ,1/2 Inch
,,N= 10 , 138 , 518 , 1173 , 1863 , 2104 , 2518 , 2622 , 2553 , 2864 , 2518 , 2277 , 2001 , 1828 , 1828 , 1587 , 1552 , 1414 , 1346 , 0 ,1/2 Inch
,,Logger Started
,,N= 1 , 69 , 310 , 552 , 759 , 897 , 1070 , 1138 , 1346 , 1070 , 1173 , 1760 , 1449 , 1656 , 1587 , 1828 , 1552 , 1794 , 0 , 0 ,1/2 Inch
,,N= 2 , 69 , 276 , 414 , 586 , 621 , 656 , 932 , 1000 , 1276 , 1449 , 1414 , 1276 , 1242 , 1276 , 1346 , 1242 , 1104 , 1104 , 0 ,1/2 Inch
,,N= 3 , 414 , 414 , 1104 , 1173 , 2518 , 2450 , 2104 , 1794 , 1552 , 1552 , 1449 , 1414 , 1484 , 1656 , 1414 , 1449 , 1484 , 0 , 0 ,1/2 Inch
,,N= 4 , 0 , 310 , 621 , 2208 , 1966 , 2208 , 1863 , 1760 , 1587 , 1414 , 1311 , 1276 , 1414 , 1346 , 1276 , 1208 , 1138 , 1208 , 0 ,1/2 Inch
,,N= 5 , 172 , 207 , 242 , 448 , 862 , 1656 , 2001 , 1966 , 1484 , 1311 , 1414 , 1587 , 1518 , 1622 , 1587 , 1484 , 1414 , 1346 , 0 ,1/2 Inch
,,N= 6 , 69 , 69 , 242 , 380 , 414 , 1000 , 1760 , 1518 , 1690 , 2380 , 2312 , 2277 , 2036 , 1932 , 1656 , 1484 , 1414 , 1311 , 0 ,1/2 Inch
,,N= 7 , 69 , 104 , 932 , 862 , 862 , 794 , 932 , 1000 , 1104 , 1208 , 1242 , 1173 , 1208 , 1208 , 1242 , 1242 , 1311 , 0 , 0 ,1/2 Inch
,,N= 8 , 0 , 104 , 310 , 310 , 414 , 448 , 828 , 1000 , 1449 , 1794 , 1622 , 1622 , 1898 , 2001 , 1828 , 1690 , 1690 , 1656 , 0 ,1/2 Inch
,,N= 9 , 207 , 242 , 207 , 276 , 656 , 724 , 724 , 862 , 1276 , 1208 , 1070 , 1104 , 1104 , 897 , 966 , 1070 , 1104 , 1208 , 0 ,1/2 Inch
,,N= 10 , 104 , 138 , 138 , 276 , 276 , 586 , 862 , 828 , 759 , 897 , 862 , 862 , 897 , 966 , 966 , 1000 , 1104 , 1242 , 0 ,1/2 Inch
,,Logger Started
,,Logger Started
,,N= 1 , 0 , 138 , 586 , 621 , 828 , 794 , 621 , 828 , 1414 , 1932 , 2104 , 2036 , 1794 , 1518 , 1346 , 932 , 1208 , 1311 , 0 ,1/2 Inch
,,N= 2 , 276 , 656 , 1000 , 1552 , 2518 , 3002 , 2829 , 2726 , 2691 , 3208 , 3243 , 2932 , 2588 , 2242 , 2104 , 1898 , 1898 , 1760 , 0 ,1/2 Inch
,,Logger Started
,,N= 1 , 34 , 69 , 207 , 483 , 448 , 794 , 794 , 483 , 724 , 1173 , 1656 , 1449 , 1311 , 1760 , 1794 , 1690 , 1898 , 1932 , 0 ,1/2 Inch
,,N= 2 , 172 , 310 , 862 , 1311 , 1276 , 1518 , 2208 , 2104 , 2242 , 2691 , 2864 , 2553 , 2277 , 2174 , 2174 , 1794 , 1760 , 862 , 0 ,1/2 Inch
,,N= 3 , 207 , 897 , 1898 , 2864 , 2242 , 2174 , 1828 , 1828 , 1552 , 1484 , 1346 , 1311 , 1311 , 1311 , 1276 , 1208 , 1138 , 0 , 0 ,1/2 Inch
,,N= 4 , 34 , 69 , 172 , 448 , 483 , 518 , 586 , 621 , 0 , 862 , 0 , 0 , 0 , 0 , 0 , 0 , 0 , 0 , 0 ,1/2 Inch
,,N= 5 , 172 , 621 , 897 , 1276 , 1622 , 1690 , 1656 , 1656 , 1518 , 1311 , 1104 , 1104 , 1138 , 1173 , 1138 , 1138 , 1104 , 0 , 0 ,1/2 Inch
,,N= 6 , 380 , 586 , 656 , 932 , 2346 , 3381 , 3416 , 2518 , 3208 , 3554 , 2588 , 2174 , 2139 , 1932 , 1828 , 1760 , 1622 , 1587 , 0 ,1/2 Inch
,,N= 7 , 34 , 69 , 138 , 1070 , 3519 , 3036 , 3036 , 3312 , 3174 , 2553 , 2380 , 2139 , 1966 , 1863 , 1863 , 1863 , 1760 , 0 , 0 ,1/2 Inch
,,N= 8 , 0 , 0 , 0 , 414 , 172 , 276 , 1242 , 1863 , 2139 , 1863 , 2036 , 2450 , 2104 , 2174 , 2104 , 1932 , 1794 , 0 , 0 ,1/2 Inch
,,Logger Started
,,Logger Started
,,N= 1 , 69 , 69 , 1622 , 1449 , 1346 , 1587 , 2104 , 2277 , 2139 , 2518 , 2553 , 2346 , 2174 , 2001 , 1794 , 1690 , 1932 , 1794 , 0 ,1/2 Inch
,,N= 2 , 932 , 1311 , 2898 , 2139 , 4726 , 4450 , 1898 , 2174 , 4106 , 3692 , 3554 , 3278 , 3002 , 2208 , 2036 , 1828 , 1863 , 2104 , 0 ,1/2 Inch
,,N= 3 , 104 , 310 , 1104 , 2691 , 2691 , 3416 , 3312 , 3484 , 3036 , 2967 , 2864 , 2588 , 2277 , 1828 , 0 , 0 , 0 , 0 , 0 ,1/2 Inch
,,N= 4 , 138 , 276 , 1414 , 2553 , 2967 , 2864 , 2932 , 2518 , 1966 , 1587 , 1587 , 1587 , 1449 , 1587 , 1414 , 1449 , 1346 , 0 , 0 ,1/2 Inch
,,N= 5 , 724 , 794 , 2242 , 2898 , 2864 , 3312 , 3381 , 3416 , 2794 , 2380 , 2208 , 2139 , 2104 , 2036 , 2104 , 1966 , 1760 , 1760 , 0 ,1/2 Inch
,,N= 6 , 138 , 138 , 1070 , 1276 , 1622 , 1863 , 2277 , 2277 , 2242 , 2104 , 2104 , 1690 , 1690 , 1552 , 1311 , 1346 , 1346 , 1484 , 0 ,1/2 Inch
,,N= 7 , 621 , 656 , 862 , 1898 , 2312 , 2691 , 2829 , 2380 , 2312 , 2104 , 2036 , 1966 , 1898 , 1863 , 1966 , 1898 , 1863 , 0 , 0 ,1/2 Inch
,,N= 8 , 34 , 69 , 69 , 104 , 138 , 207 , 552 , 724 , 759 , 897 , 1070 , 966 , 966 , 897 , 932 , 932 , 1000 , 966 , 0 ,1/2 Inch
,,N= 9 , 172 , 586 , 1276 , 1552 , 2139 , 2036 , 1690 , 1622 , 1276 , 1138 , 1208 , 1173 , 1242 , 1173 , 1173 , 1173 , 1208 , 1173 , 0 ,1/2 Inch
,,N= 10 , 172 , 310 , 1311 , 1898 , 2380 , 2346 , 2277 , 2518 , 1898 , 1449 , 1346 , 1242 , 1276 , 1242 , 1173 , 1138 , 1104 , 1000 , 1104 ,1/2 Inch
