253
253
253
253
253
253
253
253
1
2
2
17
39
43
47
46
41
36
35
34
34
34
34
33
32
34
31
0
83
101
2
4
15
34
57
48
114
112
98
81
63
57
52
48
46
43
41
39
39
0
83
101
3
0
0
0
48
65
72
69
66
59
47
43
43
41
39
38
37
36
0
0
83
101
4
0
2
6
24
58
68
67
68
61
55
46
41
42
41
38
42
42
42
0
83
101
5
2
3
23
65
129
143
111
81
64
65
55
55
54
52
49
48
46
47
0
83
101
6
0
49
53
54
61
47
43
41
45
51
46
38
35
34
33
32
0
0
0
83
101
7
3
12
17
35
31
34
33
39
37
32
32
35
39
38
38
39
122
0
0
83
101
8
0
3
5
7
38
59
92
98
1
99
112
91
96
76
77
59
66
63
0
83
101
9
6
6
29
49
76
91
84
75
79
83
62
59
53
55
49
48
46
46
0
83
101
10
3
21
47
46
46
0
0
0
0
0
0
0
0
0
0
0
0
0
0
83
101
11
7
11
42
42
24
24
25
26
27
27
28
31
29
31
29
28
36
0
0
83
101
12
1
2
2
33
74
12
71
89
98
71
77
0
0
0
0
0
0
0
0
83
101
13
2
3
6
14
17
22
13
4
8
14
18
43
89
96
86
82
83
86
0
83
101
14
7
7
9
11
16
33
36
62
75
75
81
92
83
83
65
57
53
49
0
83
101
15
2
3
4
4
6
13
34
44
64
67
67
65
77
66
76
71
63
63
0
83
101
16
14
16
28
34
52
58
59
56
61
56
54
55
52
46
45
45
48
46
0
83
101
17
0
1
2
17
21
27
42
12
1
4
12
63
65
71
74
74
75
69
0
83
101
18
0
0
5
6
8
15
14
28
18
32
66
104
103
101
107
107
87
98
0
83
101
19
1
4
5
8
17
34
32
44
59
77
77
88
83
79
83
85
81
82
0
83
101
20
0
0
3
11
14
27
27
52
41
58
59
59
79
83
129
97
94
72
0
83
101
21
11
11
16
32
35
39
95
122
92
125
123
120
101
87
78
82
0
0
0
83
101
253
253
1
2
13
27
17
17
22
39
36
37
46
46
43
38
36
36
41
49
47
0
83
101
2
0
0
4
32
44
51
73
71
72
73
93
84
73
72
71
66
59
55
0
83
101
3
0
6
29
33
49
73
102
97
84
71
71
67
59
57
53
54
53
55
0
83
101
4
3
3
12
15
27
39
44
42
42
43
67
72
77
73
69
65
59
51
0
83
101
5
2
5
15
21
23
28
25
28
32
49
52
54
62
48
52
54
47
48
0
83
101
6
3
11
16
24
41
61
66
66
74
85
75
76
79
82
73
83
73
66
0
83
101
7
1
3
11
9
14
21
31
39
49
96
82
93
95
99
88
96
93
83
0
83
101
8
1
2
5
8
23
42
47
35
58
68
86
93
74
86
75
62
61
49
0
83
101
9
3
3
34
41
46
61
74
59
55
49
58
57
57
65
71
56
61
55
0
83
101
10
0
0
3
3
5
7
9
19
25
24
45
61
68
76
77
69
86
88
0
83
101
253
253
1
7
49
46
39
39
42
39
36
34
34
41
41
41
42
39
42
41
41
0
83
101
2
64
64
116
112
94
89
86
76
66
58
61
57
53
53
47
45
44
0
0
83
101
3
0
0
1
4
8
35
45
45
42
0
0
0
0
0
0
0
46
44
0
83
101
4
0
28
29
36
34
29
49
57
63
57
58
56
58
61
58
48
53
56
0
83
101
5
2
3
4
8
56
62
56
56
54
63
59
66
71
71
67
62
59
61
0
83
101
6
1
2
5
24
36
37
57
53
57
59
56
55
65
63
56
53
52
49
0
83
101
7
7
16
18
33
48
59
52
58
44
39
38
37
41
45
44
44
41
0
0
83
101
8
34
45
74
84
73
71
65
65
67
63
58
62
54
53
49
48
51
53
0
83
101
9
18
22
38
51
64
0
0
0
0
0
0
0
0
0
0
0
0
0
0
83
101
10
3
14
17
42
53
84
82
72
77
58
69
56
59
53
56
0
0
0
0
83
101
11
4
4
11
23
19
17
23
31
28
28
32
32
33
37
39
37
38
38
0
83
101
253
253
253
253
253
253
253
1
5
37
32
32
29
28
24
24
27
29
27
27
23
26
22
25
41
0
0
83
101
2
2
2
21
35
75
81
78
79
66
56
63
56
51
48
45
46
42
43
0
83
101
3
4
5
9
41
76
68
82
69
71
61
61
56
49
61
62
59
57
55
0
83
101
4
2
22
44
44
48
54
52
54
55
61
51
47
49
46
46
44
42
38
0
83
101
5
3
22
37
33
36
37
34
34
41
44
47
48
47
44
42
38
36
34
0
83
101
6
4
4
59
65
79
76
71
78
82
81
71
63
56
53
51
47
43
46
0
83
101
7
0
1
4
11
41
64
63
57
62
59
44
42
35
32
29
26
28
31
0
83
101
8
0
2
17
24
37
48
49
48
48
36
37
39
0
0
0
0
0
0
0
83
101
9
61
68
77
78
72
74
69
66
66
67
62
0
0
0
0
0
0
0
0
83
101
10
4
15
34
54
61
73
76
74
83
73
66
58
53
53
46
45
41
39
0
83
101
253
1
2
9
16
22
26
31
33
39
31
34
51
42
48
46
53
45
52
0
0
83
101
2
2
8
12
17
18
19
27
29
37
42
41
37
36
37
39
36
32
32
0
83
101
3
12
12
32
34
73
71
61
52
45
45
42
41
43
48
41
42
43
0
0
83
101
4
0
9
18
64
57
64
54
51
46
41
38
37
41
39
37
35
33
35
0
83
101
5
5
6
7
13
25
48
58
57
43
38
41
46
44
47
46
43
41
39
0
83
101
6
2
2
7
11
12
29
51
44
49
69
67
66
59
56
48
43
41
38
0
83
101
7
2
3
27
25
25
23
27
29
32
35
36
34
35
35
36
36
38
0
0
83
101
8
0
3
9
9
12
13
24
29
42
52
47
47
55
58
53
49
49
48
0
83
101
9
6
7
6
8
19
21
21
25
37
35
31
32
32
26
28
31
32
35
0
83
101
10
3
4
4
8
8
17
25
24
22
26
25
25
26
28
28
29
32
36
0
83
101
253
253
1
0
4
17
18
24
23
18
24
41
56
61
59
52
44
39
27
35
38
0
83
101
2
8
19
29
45
73
87
82
79
78
93
94
85
75
65
61
55
55
51
0
83
101
253
1
1
2
6
14
13
23
23
14
21
34
48
42
38
51
52
49
55
56
0
83
101
2
5
9
25
38
37
44
64
61
65
78
83
74
66
63
63
52
51
25
0
83
101
3
6
26
55
83
65
63
53
53
45
43
39
38
38
38
37
35
33
0
0
83
101
4
1
2
5
13
14
15
17
18
0
25
0
0
0
0
0
0
0
0
0
83
101
5
5
18
26
37
47
49
48
48
44
38
32
32
33
34
33
33
32
0
0
83
101
6
11
17
19
27
68
98
99
73
93
103
75
63
62
56
53
51
47
46
0
83
101
7
1
2
4
31
102
88
88
96
92
74
69
62
57
54
54
54
51
0
0
83
101
8
0
0
0
12
5
8
36
54
62
54
59
71
61
63
61
56
52
0
0
83
101
253
253
1
2
2
47
42
39
46
61
66
62
73
74
68
63
58
52
49
56
52
0
83
101
2
27
38
84
62
137
129
55
63
119
107
103
95
87
64
59
53
54
61
0
83
101
3
3
9
32
78
78
99
96
101
88
86
83
75
66
53
0
0
0
0
0
83
101
4
4
8
41
74
86
83
85
73
57
46
46
46
42
46
41
42
39
0
0
83
101
5
21
23
65
84
83
96
98
99
81
69
64
62
61
59
61
57
51
51
0
83
101
6
4
4
31
37
47
54
66
66
65
61
61
49
49
45
38
39
39
43
0
83
101
7
18
19
25
55
67
78
82
69
67
61
59
57
55
54
57
55
54
0
0
83
101
8
1
2
2
3
4
6
16
21
22
26
31
28
28
26
27
27
29
28
0
83
101
9
5
17
37
45
62
59
49
47
37
33
35
34
36
34
34
34
35
34
0
83
101
10
5
9
38
55
69
68
66
73
55
42
39
36
37
36
34
33
32
29
32
83
101
